/*--------------------------------*- C++ -*----------------------------------*\
  =========                 |
  \\      /  F ield         | OpenFOAM: The Open Source CFD Toolbox
   \\    /   O peration     | Website:  https://openfoam.org
    \\  /    A nd           | Version:  7
     \\/     M anipulation  |
\*---------------------------------------------------------------------------*/
FoamFile
{
    version     2.0;
    format      ascii;
    class       vectorField;
    location    "0.01/lagrangian/kinematicCloud";
    object      UCorrect;
}
// * * * * * * * * * * * * * * * * * * * * * * * * * * * * * * * * * * * * * //


2873
(
(0 0 -0.0019610679)
(0 0 -0.0019610679)
(0 0 -0.0018851206)
(0 0 -0.0019610679)
(0 0 -0.0019610679)
(0 0 -0.0019403922)
(0 0 -0.0019009798)
(0 0 -0.0019610679)
(0 0 -0.001954348)
(0 0 -0.0018851206)
(0 0 -0.0019609641)
(0 0 -0.0019009798)
(0 0 -0.0019467689)
(0 0 -0.0019610679)
(0 0 -0.0019292347)
(0 0 -0.0019589901)
(0 0 -0.0019331089)
(0 0 -0.0019610679)
(0 0 -0.0019406642)
(0 0 -0.001954348)
(0 0 -0.0019536559)
(0 0 -0.0019480271)
(0 0 -0.0019009798)
(0 0 -0.0019610679)
(0 0 -0.0019359427)
(0 0 -0.001905732)
(0 0 -0.0019610679)
(0 0 -0.0019610679)
(0 0 -0.0019488625)
(0 0 -0.0019461218)
(0 0 -0.0019588822)
(0 0 -0.0019472515)
(0 0 -0.0018467989)
(0 0 -0.001905732)
(0 0 -0.0019536559)
(0 0 -0.0019571937)
(0 0 -0.0019467689)
(0 0 -0.0019447094)
(0 0 -0.0019331089)
(0 0 -0.001956789)
(0 0 -0.0019488625)
(0 0 -0.0019609754)
(0 0 -0.001956535)
(0 0 -0.0019467689)
(0 0 -0.0019610679)
(0 0 -0.0019610679)
(0 0 -0.0019610679)
(0 0 -0.0019610679)
(0 0 -0.0019597975)
(0 0 -0.001905732)
(0 0 -0.0019089044)
(0 0 -0.0019610679)
(0 0 -0.0019610679)
(0 0 -0.001958238)
(0 0 -0.0019610679)
(0 0 -0.0019610679)
(0 0 -0.001868383)
(0 0 -0.0019303577)
(0 0 -0.0019472511)
(0 0 -0.0019610679)
(0 0 -0.0019331089)
(0 0 -0.001956535)
(0 0 -0.0019610679)
(0 0 -0.0019472511)
(0 0 -0.0019331089)
(0 0 -0.0019563052)
(0 0 -0.0019610679)
(0 0 -0.0019571937)
(0 0 -0.0018851206)
(0 0 -0.0019610679)
(0 0 -0.001955723)
(0 0 -0.0018495782)
(0 0 -0.0019467689)
(0 0 -0.0019601896)
(0 0 -0.0019571937)
(0 0 -0.0019610679)
(0 0 -0.0018851206)
(0 0 -0.0019610679)
(0 0 -0.0019610679)
(0 0 -0.0019607827)
(0 0 -0.0019519953)
(0 0 -0.0019430723)
(0 0 -0.0019610679)
(0 0 -0.0019536559)
(0 0 -0.00195893)
(0 0 -0.00195893)
(0 0 -0.0019610679)
(0 0 -0.001953302)
(0 0 -0.0019561198)
(0 0 -0.0019292347)
(0 0 -0.0019595019)
(0 0 -0.0019588822)
(0 0 -0.001953302)
(0 0 -0.001953302)
(0 0 -0.0019569483)
(0 0 -0.0019610679)
(0 0 -0.0019472515)
(0 0 -0.0019447094)
(0 0 -0.0019447094)
(0 0 -0.0019331089)
(0 0 -0.0019610679)
(0 0 -0.0019472515)
(0 0 -0.0019610679)
(0 0 -0.0019009798)
(0 0 -0.0019530022)
(0 0 -0.0019610679)
(0 0 -0.001953302)
(0 0 -0.0018851206)
(0 0 -0.0019461218)
(0 0 -0.001953302)
(0 0 -0.0019210341)
(0 0 -0.0019385308)
(0 0 -0.0019567078)
(0 0 -0.0019520814)
(0 0 -0.0019009798)
(0 0 -0.0018851206)
(0 0 -0.0019479144)
(0 0 -0.001953302)
(0 0 -0.0019610679)
(0 0 -0.0019588822)
(0 0 -0.0019610679)
(0 0 -0.0019610679)
(0 0 -0.0019332395)
(0 0 -0.001953302)
(0 0 -0.0019566958)
(0 0 -0.0019610679)
(0 0 -0.0019464262)
(0 0 -0.0019610679)
(0 0 -0.001953302)
(0 0 -0.0019609473)
(0 0 -0.0019447094)
(0 0 -0.0019569682)
(0 0 -0.0019610679)
(0 0 -0.0018851206)
(0 0 -0.0019472515)
(0 0 -0.0019331089)
(0 0 -0.00195393)
(0 0 -0.001905732)
(0 0 -0.0019475803)
(0 0 -0.001954348)
(0 0 -0.0019009798)
(0 0 -0.0019472515)
(0 0 -0.0019597321)
(0 0 -0.0019461218)
(0 0 -0.001954348)
(0 0 -0.0019567435)
(0 0 -0.0019461218)
(0 0 -0.0019610679)
(0 0 -0.0019223422)
(0 0 -0.0019610679)
(0 0 -0.0019610679)
(0 0 -0.0019332395)
(0 0 -0.0019610679)
(0 0 -0.0019610679)
(0 0 -0.0019610679)
(0 0 -0.0019292347)
(0 0 -0.0019472511)
(0 0 -0.0019610679)
(0 0 -0.0019610679)
(0 0 -0.0019603437)
(0 0 -0.001954629)
(0 0 -0.0019332395)
(0 0 -0.0019488625)
(0 0 -0.0019447094)
(0 0 -0.0019488625)
(0 0 -0.0019467689)
(0 0 -0.0019610679)
(0 0 -0.0019461218)
(0 0 -0.0019610679)
(0 0 -0.0019610679)
(0 0 -0.0019331089)
(0 0 -0.0019292347)
(0 0 -0.0019009798)
(0 0 -0.001953302)
(0 0 -0.0019610679)
(0 0 -0.00195893)
(0 0 -0.0019398633)
(0 0 -0.0019450143)
(0 0 -0.001953302)
(0 0 -0.0019057265)
(0 0 -0.001956535)
(0 0 -0.00195893)
(0 0 -0.0019610679)
(0 0 -0.00195893)
(0 0 -0.0019610679)
(0 0 -0.0019610679)
(0 0 -0.0019610679)
(0 0 -0.0019610679)
(0 0 -0.0019610679)
(0 0 -0.0019447094)
(0 0 -0.0019588822)
(0 0 -0.0019610679)
(0 0 -0.001905732)
(0 0 -0.0019292347)
(0 0 -0.0019588822)
(0 0 -0.0019597699)
(0 0 -0.001956535)
(0 0 -0.001905732)
(0 0 -0.0018749904)
(0 0 -0.0019332395)
(0 0 -0.0019610679)
(0 0 -0.001953302)
(0 0 -0.0018851206)
(0 0 -0.0019610679)
(0 0 -0.0019536559)
(0 0 -0.0019610679)
(0 0 -0.0019558502)
(0 0 -0.0019610679)
(0 0 -0.0019610679)
(0 0 -0.0019455759)
(0 0 -0.0019610679)
(0 0 -0.0019610679)
(0 0 -0.0019610679)
(0 0 -0.001953302)
(0 0 -0.0019164752)
(0 0 -0.0019610679)
(0 0 -0.00195893)
(0 0 -0.0019467689)
(0 0 -0.0019610679)
(0 0 -0.0019610679)
(0 0 -0.0019610679)
(0 0 -0.0019472515)
(0 0 -0.0019610679)
(0 0 -0.0019601427)
(0 0 -0.001905732)
(0 0 -0.0019467689)
(0 0 -0.0019610679)
(0 0 -0.0019467689)
(0 0 -0.0019332395)
(0 0 -0.0019009798)
(0 0 -0.0019467689)
(0 0 -0.0019488625)
(0 0 -0.0019610679)
(0 0 -0.0018565519)
(0 0 -0.0019536559)
(0 0 -0.0019471784)
(0 0 -0.0019603179)
(0 0 -0.0019610679)
(0 0 -0.001905732)
(0 0 -0.0019610679)
(0 0 -0.001953302)
(0 0 -0.0018662307)
(0 0 -0.0019332395)
(0 0 -0.001954831)
(0 0 -0.0018392899)
(0 0 -0.0019610679)
(0 0 -0.001905732)
(0 0 -0.0019610679)
(0 0 -0.001905732)
(0 0 -0.0018851206)
(0 0 -0.0019571937)
(0 0 -0.0019476693)
(0 0 -0.001954348)
(0 0 -0.0019610679)
(0 0 -0.0019610679)
(0 0 -0.0019461218)
(0 0 -0.0019529572)
(0 0 -0.001954348)
(0 0 -0.0019610679)
(0 0 -0.001947626)
(0 0 -0.0019567791)
(0 0 -0.0019610679)
(0 0 -0.0019472511)
(0 0 -0.0019519953)
(0 0 -0.0019603573)
(0 0 -0.0019610679)
(0 0 -0.001956535)
(0 0 -0.0019610679)
(0 0 -0.0019610679)
(0 0 -0.0019610679)
(0 0 -0.0019610679)
(0 0 -0.0019594534)
(0 0 -0.0019447094)
(0 0 -0.0019488625)
(0 0 -0.0019461218)
(0 0 -0.0019588822)
(0 0 -0.0019472511)
(0 0 -0.0019467689)
(0 0 -0.0019571937)
(0 0 -0.001954348)
(0 0 -0.001953302)
(0 0 -0.0019577212)
(0 0 -0.0019519953)
(0 0 -0.0019610679)
(0 0 -0.0019567435)
(0 0 -0.0019610679)
(0 0 -0.001953302)
(0 0 -0.0019610679)
(0 0 -0.0019546682)
(0 0 -0.0019332395)
(0 0 -0.0019467689)
(0 0 -0.0019488625)
(0 0 -0.0019467689)
(0 0 -0.0019009798)
(0 0 -0.0019610679)
(0 0 -0.0019610679)
(0 0 -0.0019567435)
(0 0 -0.0019519953)
(0 0 -0.0019610679)
(0 0 -0.0019610679)
(0 0 -0.0019554234)
(0 0 -0.0019472511)
(0 0 -0.0019009798)
(0 0 -0.0019610679)
(0 0 -0.0019610679)
(0 0 -0.001954348)
(0 0 -0.0019560101)
(0 0 -0.0019447094)
(0 0 -0.0019461218)
(0 0 -0.0019009798)
(0 0 -0.0019567799)
(0 0 -0.0019210341)
(0 0 -0.001936245)
(0 0 -0.001905732)
(0 0 -0.0019610679)
(0 0 -0.0019610679)
(0 0 -0.0019009798)
(0 0 -0.0019009798)
(0 0 -0.001953302)
(0 0 -0.0019519953)
(0 0 -0.0019610679)
(0 0 -0.0019576141)
(0 0 -0.0019447094)
(0 0 -0.0019610679)
(0 0 -0.0019610679)
(0 0 -0.001905732)
(0 0 -0.001953302)
(0 0 -0.0019610679)
(0 0 -0.0019605326)
(0 0 -0.0019610679)
(0 0 -0.0019339373)
(0 0 -0.0019076906)
(0 0 -0.001953302)
(0 0 -0.0019559251)
(0 0 -0.0019321746)
(0 0 -0.0019447094)
(0 0 -0.0019141708)
(0 0 -0.0019610679)
(0 0 -0.0019331089)
(0 0 -0.0019610679)
(0 0 -0.0019610679)
(0 0 -0.0019610679)
(0 0 -0.0019332395)
(0 0 -0.0019009798)
(0 0 -0.0019567435)
(0 0 -0.0018851206)
(0 0 -0.0019491297)
(0 0 -0.0019009798)
(0 0 -0.0019447094)
(0 0 -0.0019610679)
(0 0 -0.001905732)
(0 0 -0.0019606279)
(0 0 -0.0019292347)
(0 0 -0.001905732)
(0 0 -0.0019610679)
(0 0 -0.0019567435)
(0 0 -0.0019610679)
(0 0 -0.0019610679)
(0 0 -0.0019610679)
(0 0 -0.001905732)
(0 0 -0.0019320836)
(0 0 -0.0019488625)
(0 0 -0.0019460115)
(0 0 -0.0019610679)
(0 0 -0.0019210341)
(0 0 -0.0019367513)
(0 0 -0.0019610679)
(0 0 -0.0019575452)
(0 0 -0.0019352389)
(0 0 -0.0018851206)
(0 0 -0.0019610679)
(0 0 -0.001905732)
(0 0 -0.001954923)
(0 0 -0.0019610679)
(0 0 -0.0019610679)
(0 0 -0.0019610679)
(0 0 -0.0019481514)
(0 0 -0.0019610679)
(0 0 -0.0018148055)
(0 0 -0.001905732)
(0 0 -0.0019339502)
(0 0 -0.0019610679)
(0 0 -0.0019600978)
(0 0 -0.0018605438)
(0 0 -0.0019467689)
(0 0 -0.001953302)
(0 0 -0.0019472515)
(0 0 -0.0019484155)
(0 0 -0.0019461218)
(0 0 -0.001953302)
(0 0 -0.001844099)
(0 0 -0.0019610679)
(0 0 -0.001956535)
(0 0 -0.001830465)
(0 0 -0.0019506591)
(0 0 -0.0018851206)
(0 0 -0.0019567435)
(0 0 -0.0019610679)
(0 0 -0.0019610679)
(0 0 -0.001905732)
(0 0 -0.0019610679)
(0 0 -0.0019461218)
(0 0 -0.0019610679)
(0 0 -0.0018524866)
(0 0 -0.0019610679)
(0 0 -0.0019610679)
(0 0 -0.001955761)
(0 0 -0.0019588822)
(0 0 -0.0019461218)
(0 0 -0.001905732)
(0 0 -0.0019610679)
(0 0 -0.0019610679)
(0 0 -0.0019610679)
(0 0 -0.0019292347)
(0 0 -0.00195893)
(0 0 -0.0019457872)
(0 0 -0.0019472511)
(0 0 -0.0019331089)
(0 0 -0.0019331089)
(0 0 -0.0019484087)
(0 0 -0.001953302)
(0 0 -0.0019292347)
(0 0 -0.0019610679)
(0 0 -0.0019332395)
(0 0 -0.0019610679)
(0 0 -0.0019536559)
(0 0 -0.0019609826)
(0 0 -0.0019305342)
(0 0 -0.00195893)
(0 0 -0.0019610679)
(0 0 -0.0019332395)
(0 0 -0.0019519953)
(0 0 -0.0019461218)
(0 0 -0.0019472511)
(0 0 -0.001905732)
(0 0 -0.0019571937)
(0 0 -0.0019567805)
(0 0 -0.0018710257)
(0 0 -0.001850703)
(0 0 -0.0019610679)
(0 0 -0.0018851206)
(0 0 -0.001949999)
(0 0 -0.001905732)
(0 0 -0.0019568561)
(0 0 -0.001953302)
(0 0 -0.0019610679)
(0 0 -0.001905732)
(0 0 -0.0019610679)
(0 0 -0.0019332395)
(0 0 -0.0019610679)
(0 0 -0.001953302)
(0 0 -0.0019536559)
(0 0 -0.0019610679)
(0 0 -0.0018851206)
(0 0 -0.0019610679)
(0 0 -0.0019331089)
(0 0 -0.0019465112)
(0 0 -0.0019408486)
(0 0 -0.0019610679)
(0 0 -0.0019610679)
(0 0 -0.0019610679)
(0 0 -0.0019465201)
(0 0 -0.0019610679)
(0 0 -0.0019101347)
(0 0 -0.0019610679)
(0 0 -0.0019009798)
(0 0 -0.001954348)
(0 0 -0.0019610679)
(0 0 -0.0019210341)
(0 0 -0.0019009798)
(0 0 -0.0019610679)
(0 0 -0.0019447094)
(0 0 -0.0019529095)
(0 0 -0.0019610679)
(0 0 -0.001953302)
(0 0 -0.0019331089)
(0 0 -0.0019447094)
(0 0 -0.0019461218)
(0 0 -0.0019347461)
(0 0 -0.0019062596)
(0 0 -0.0019536559)
(0 0 -0.0019543152)
(0 0 -0.0019571937)
(0 0 -0.0018851206)
(0 0 -0.0019470434)
(0 0 -0.0019447094)
(0 0 -0.0018851206)
(0 0 -0.0019610679)
(0 0 -0.0019472515)
(0 0 -0.0019472515)
(0 0 -0.0019610679)
(0 0 -0.0019447094)
(0 0 -0.0019331089)
(0 0 -0.0019610679)
(0 0 -0.0019447094)
(0 0 -0.0019332395)
(0 0 -0.0019610679)
(0 0 -0.0019210341)
(0 0 -0.0019610679)
(0 0 -0.0019566274)
(0 0 -0.0019610679)
(0 0 -0.001954348)
(0 0 -0.0019610679)
(0 0 -0.0018653347)
(0 0 -0.0018747041)
(0 0 -0.0019563642)
(0 0 -0.0019567435)
(0 0 -0.0019472122)
(0 0 -0.001954348)
(0 0 -0.0019394053)
(0 0 -0.0019447094)
(0 0 -0.0019210341)
(0 0 -0.001953302)
(0 0 -0.0019467689)
(0 0 -0.0019244185)
(0 0 -0.0019588822)
(0 0 -0.0019536559)
(0 0 -0.0019610679)
(0 0 -0.0019610679)
(0 0 -0.0019063742)
(0 0 -0.0019331089)
(0 0 -0.0018851206)
(0 0 -0.0019610679)
(0 0 -0.0019346845)
(0 0 -0.0019588822)
(0 0 -0.0019536559)
(0 0 -0.0019610679)
(0 0 -0.0019461218)
(0 0 -0.0019605254)
(0 0 -0.0019472515)
(0 0 -0.0019488625)
(0 0 -0.0018851206)
(0 0 -0.0019467689)
(0 0 -0.0019389733)
(0 0 -0.0019610679)
(0 0 -0.0019588822)
(0 0 -0.0018851206)
(0 0 -0.001905732)
(0 0 -0.0019601554)
(0 0 -0.0019598867)
(0 0 -0.0019467689)
(0 0 -0.0019422682)
(0 0 -0.0019332395)
(0 0 -0.0019461218)
(0 0 -0.001957368)
(0 0 -0.0019292347)
(0 0 -0.0019447094)
(0 0 -0.001956535)
(0 0 -0.0019610679)
(0 0 -0.0019467689)
(0 0 -0.0019177896)
(0 0 -0.0019610679)
(0 0 -0.0018547813)
(0 0 -0.0019447094)
(0 0 -0.0019610679)
(0 0 -0.0019345354)
(0 0 -0.0019610679)
(0 0 -0.001956535)
(0 0 -0.0019610679)
(0 0 -0.0019210341)
(0 0 -0.0019493562)
(0 0 -0.001905732)
(0 0 -0.0019610679)
(0 0 -0.0018851206)
(0 0 -0.0019573875)
(0 0 -0.0019610679)
(0 0 -0.0019610679)
(0 0 -0.001954348)
(0 0 -0.0019567435)
(0 0 -0.0019484573)
(0 0 -0.0019467689)
(0 0 -0.0019519953)
(0 0 -0.0019472511)
(0 0 -0.0019610679)
(0 0 -0.0019399408)
(0 0 -0.0019610679)
(0 0 -0.0019210341)
(0 0 -0.0019610679)
(0 0 -0.001953302)
(0 0 -0.0019610679)
(0 0 -0.001914561)
(0 0 -0.001956535)
(0 0 -0.0019610679)
(0 0 -0.0019447094)
(0 0 -0.0019581366)
(0 0 -0.0019009798)
(0 0 -0.0019610679)
(0 0 -0.0019567435)
(0 0 -0.0019461218)
(0 0 -0.0019083161)
(0 0 -0.001947049)
(0 0 -0.0019610679)
(0 0 -0.0019581349)
(0 0 -0.0019567259)
(0 0 -0.0019610679)
(0 0 -0.0019503165)
(0 0 -0.0019472511)
(0 0 -0.0019602955)
(0 0 -0.0019472511)
(0 0 -0.0018508862)
(0 0 -0.0019292347)
(0 0 -0.0019610679)
(0 0 -0.001956535)
(0 0 -0.0018942663)
(0 0 -0.0019489785)
(0 0 -0.001941551)
(0 0 -0.0019610679)
(0 0 -0.00195893)
(0 0 -0.0019210341)
(0 0 -0.0019567841)
(0 0 -0.0019567702)
(0 0 -0.0019610679)
(0 0 -0.0019610679)
(0 0 -0.0019610679)
(0 0 -0.0019588822)
(0 0 -0.0019610679)
(0 0 -0.0019569338)
(0 0 -0.0019282835)
(0 0 -0.0019610679)
(0 0 -0.0019610679)
(0 0 -0.0019210341)
(0 0 -0.0019009798)
(0 0 -0.0019540869)
(0 0 -0.0019610679)
(0 0 -0.0019519953)
(0 0 -0.0019610679)
(0 0 -0.0019009798)
(0 0 -0.0019610679)
(0 0 -0.0019610679)
(0 0 -0.0019591425)
(0 0 -0.0019610679)
(0 0 -0.0019488625)
(0 0 -0.001956297)
(0 0 -0.0019467689)
(0 0 -0.0019461218)
(0 0 -0.0018212618)
(0 0 -0.0019610679)
(0 0 -0.0019610679)
(0 0 -0.0019585605)
(0 0 -0.0019488625)
(0 0 -0.0019472515)
(0 0 -0.0019610679)
(0 0 -0.0019461218)
(0 0 -0.0019566943)
(0 0 -0.0019148547)
(0 0 -0.001905732)
(0 0 -0.0019610679)
(0 0 -0.0019610679)
(0 0 -0.0019575154)
(0 0 -0.0019610679)
(0 0 -0.0019472515)
(0 0 -0.0019567242)
(0 0 -0.0019477879)
(0 0 -0.0019566986)
(0 0 -0.0019488625)
(0 0 -0.0019610679)
(0 0 -0.0019461218)
(0 0 -0.0019567435)
(0 0 -0.001905732)
(0 0 -0.001954348)
(0 0 -0.0019536559)
(0 0 -0.0019447094)
(0 0 -0.0019488625)
(0 0 -0.0019332395)
(0 0 -0.001953302)
(0 0 -0.0019567723)
(0 0 -0.0019472515)
(0 0 -0.0019610679)
(0 0 -0.0019588273)
(0 0 -0.0019520249)
(0 0 -0.0019528518)
(0 0 -0.001905732)
(0 0 -0.0019447094)
(0 0 -0.0019488625)
(0 0 -0.0019447094)
(0 0 -0.0019536559)
(0 0 -0.0019610679)
(0 0 -0.0018197477)
(0 0 -0.0018851206)
(0 0 -0.0019567885)
(0 0 -0.00195893)
(0 0 -0.0019536559)
(0 0 -0.0019610679)
(0 0 -0.0018474164)
(0 0 -0.001953302)
(0 0 -0.0019591169)
(0 0 -0.0019447094)
(0 0 -0.0019610679)
(0 0 -0.0019610679)
(0 0 -0.0019467689)
(0 0 -0.001905732)
(0 0 -0.0019610679)
(0 0 -0.0019567435)
(0 0 -0.0019009798)
(0 0 -0.001953302)
(0 0 -0.0019610679)
(0 0 -0.0018851206)
(0 0 -0.0019472515)
(0 0 -0.0019519953)
(0 0 -0.0019210341)
(0 0 -0.0019610679)
(0 0 -0.0019610679)
(0 0 -0.0019210341)
(0 0 -0.0019610679)
(0 0 -0.0018851206)
(0 0 -0.0019461218)
(0 0 -0.0019332395)
(0 0 -0.0019571937)
(0 0 -0.001953302)
(0 0 -0.0019571341)
(0 0 -0.001954348)
(0 0 -0.0019610679)
(0 0 -0.0019519953)
(0 0 -0.0018851206)
(0 0 -0.0019610679)
(0 0 -0.0019610679)
(0 0 -0.0019461218)
(0 0 -0.0018338187)
(0 0 -0.0019210341)
(0 0 -0.0019536559)
(0 0 -0.0019519953)
(0 0 -0.0019610679)
(0 0 -0.0019488625)
(0 0 -0.0018585931)
(0 0 -0.0019461218)
(0 0 -0.001905732)
(0 0 -0.0019465056)
(0 0 -0.0019610679)
(0 0 -0.0019567435)
(0 0 -0.0019461218)
(0 0 -0.0018595566)
(0 0 -0.0019610679)
(0 0 -0.0019467689)
(0 0 -0.0019458363)
(0 0 -0.0019472041)
(0 0 -0.0019610679)
(0 0 -0.0019610679)
(0 0 -0.0018802145)
(0 0 -0.0019610679)
(0 0 -0.0019610679)
(0 0 -0.0019330766)
(0 0 -0.0019567045)
(0 0 -0.0019610679)
(0 0 -0.0019610679)
(0 0 -0.0019461218)
(0 0 -0.0019610679)
(0 0 -0.001951843)
(0 0 -0.0019009798)
(0 0 -0.0019332395)
(0 0 -0.0019610679)
(0 0 -0.0019316564)
(0 0 -0.001954348)
(0 0 -0.0019567435)
(0 0 -0.0019610679)
(0 0 -0.0019009798)
(0 0 -0.0019455549)
(0 0 -0.0019607044)
(0 0 -0.0019470603)
(0 0 -0.0019610679)
(0 0 -0.0018851206)
(0 0 -0.001905732)
(0 0 -0.0019610679)
(0 0 -0.001905732)
(0 0 -0.0019314516)
(0 0 -0.0019461218)
(0 0 -0.0018613241)
(0 0 -0.001953302)
(0 0 -0.0019457407)
(0 0 -0.0019610679)
(0 0 -0.0019610679)
(0 0 -0.0019536559)
(0 0 -0.0019488625)
(0 0 -0.0019610679)
(0 0 -0.0019610679)
(0 0 -0.00196029)
(0 0 -0.0019610679)
(0 0 -0.001957942)
(0 0 -0.0019472511)
(0 0 -0.0019447094)
(0 0 -0.0018851206)
(0 0 -0.0019472052)
(0 0 -0.001958312)
(0 0 -0.0019610679)
(0 0 -0.0019588822)
(0 0 -0.001953302)
(0 0 -0.0019532539)
(0 0 -0.0019610679)
(0 0 -0.0019467689)
(0 0 -0.0019610679)
(0 0 -0.0019610679)
(0 0 -0.0019348573)
(0 0 -0.0019579651)
(0 0 -0.0019533393)
(0 0 -0.0019571937)
(0 0 -0.001953302)
(0 0 -0.0019571937)
(0 0 -0.0019588822)
(0 0 -0.0019610679)
(0 0 -0.0019488625)
(0 0 -0.0019519953)
(0 0 -0.001946424)
(0 0 -0.0019210341)
(0 0 -0.0019461218)
(0 0 -0.0019477486)
(0 0 -0.001956114)
(0 0 -0.0019292347)
(0 0 -0.0019610679)
(0 0 -0.0019600644)
(0 0 -0.0019504831)
(0 0 -0.0019610679)
(0 0 -0.0018851206)
(0 0 -0.0018851206)
(0 0 -0.0019519953)
(0 0 -0.00195893)
(0 0 -0.0019610679)
(0 0 -0.0019610679)
(0 0 -0.0019009798)
(0 0 -0.0019461218)
(0 0 -0.0019610679)
(0 0 -0.00195893)
(0 0 -0.0019292347)
(0 0 -0.0019567435)
(0 0 -0.0019567489)
(0 0 -0.0019610679)
(0 0 -0.0018604289)
(0 0 -0.0019610679)
(0 0 -0.0019610679)
(0 0 -0.0018607135)
(0 0 -0.0019519953)
(0 0 -0.0019472515)
(0 0 -0.0019610679)
(0 0 -0.001905732)
(0 0 -0.0019610679)
(0 0 -0.0019610679)
(0 0 -0.0019331089)
(0 0 -0.0019610679)
(0 0 -0.001954348)
(0 0 -0.001953302)
(0 0 -0.0019527168)
(0 0 -0.0019609632)
(0 0 -0.0019447094)
(0 0 -0.001954348)
(0 0 -0.0019292347)
(0 0 -0.0019461218)
(0 0 -0.0019600708)
(0 0 -0.0019608194)
(0 0 -0.0019519953)
(0 0 -0.0019610679)
(0 0 -0.0019514994)
(0 0 -0.0019610679)
(0 0 -0.0019610679)
(0 0 -0.001905732)
(0 0 -0.001954348)
(0 0 -0.0019610679)
(0 0 -0.0019157261)
(0 0 -0.0019461218)
(0 0 -0.0019610679)
(0 0 -0.0019210341)
(0 0 -0.0019009798)
(0 0 -0.001956535)
(0 0 -0.0018851206)
(0 0 -0.0019121661)
(0 0 -0.0019610679)
(0 0 -0.0019472511)
(0 0 -0.0019610679)
(0 0 -0.0019292347)
(0 0 -0.0019610679)
(0 0 -0.0019210341)
(0 0 -0.001905732)
(0 0 -0.0019602707)
(0 0 -0.0019533878)
(0 0 -0.0019609436)
(0 0 -0.0018668378)
(0 0 -0.0019610679)
(0 0 -0.0019467689)
(0 0 -0.0019610679)
(0 0 -0.0019610679)
(0 0 -0.0019610679)
(0 0 -0.0019571937)
(0 0 -0.0019488625)
(0 0 -0.0019472515)
(0 0 -0.0019472515)
(0 0 -0.0019610679)
(0 0 -0.0019009798)
(0 0 -0.0019610679)
(0 0 -0.0019472511)
(0 0 -0.0019201032)
(0 0 -0.001905732)
(0 0 -0.0019482273)
(0 0 -0.0019467689)
(0 0 -0.0019610679)
(0 0 -0.0019610679)
(0 0 -0.0019588822)
(0 0 -0.0019332395)
(0 0 -0.0019461218)
(0 0 -0.0019610679)
(0 0 -0.0018851206)
(0 0 -0.0019292347)
(0 0 -0.0019210341)
(0 0 -0.001956535)
(0 0 -0.0019522933)
(0 0 -0.0019519953)
(0 0 -0.001956535)
(0 0 -0.0019210341)
(0 0 -0.0019610679)
(0 0 -0.001905732)
(0 0 -0.0019488625)
(0 0 -0.0019567435)
(0 0 -0.0019536559)
(0 0 -0.0019610679)
(0 0 -0.0019610679)
(0 0 -0.0018588895)
(0 0 -0.0019347967)
(0 0 -0.001905732)
(0 0 -0.0018145351)
(0 0 -0.0019460858)
(0 0 -0.001954348)
(0 0 -0.0019610679)
(0 0 -0.0019535047)
(0 0 -0.0019536559)
(0 0 -0.0019101569)
(0 0 -0.0019368623)
(0 0 -0.0019610679)
(0 0 -0.0019610679)
(0 0 -0.0019053977)
(0 0 -0.0019333672)
(0 0 -0.0018851206)
(0 0 -0.0019610679)
(0 0 -0.001905732)
(0 0 -0.0019467689)
(0 0 -0.0019501322)
(0 0 -0.0019488625)
(0 0 -0.0019610679)
(0 0 -0.0019210341)
(0 0 -0.0019610679)
(0 0 -0.0019447094)
(0 0 -0.0019571937)
(0 0 -0.0019610679)
(0 0 -0.0019009798)
(0 0 -0.0018413679)
(0 0 -0.0019461218)
(0 0 -0.0019610679)
(0 0 -0.0019610679)
(0 0 -0.0019009798)
(0 0 -0.0019009798)
(0 0 -0.0019595713)
(0 0 -0.0019554591)
(0 0 -0.0019610679)
(0 0 -0.0019610679)
(0 0 -0.0019332395)
(0 0 -0.0018851206)
(0 0 -0.001956535)
(0 0 -0.001954348)
(0 0 -0.0019141187)
(0 0 -0.0019610679)
(0 0 -0.0019552494)
(0 0 -0.0019556261)
(0 0 -0.001905732)
(0 0 -0.0019009798)
(0 0 -0.0019591594)
(0 0 -0.00195893)
(0 0 -0.0019610679)
(0 0 -0.0019550587)
(0 0 -0.0018127357)
(0 0 -0.0019461218)
(0 0 -0.0018851206)
(0 0 -0.0018851206)
(0 0 -0.0018851206)
(0 0 -0.0019569097)
(0 0 -0.0019610679)
(0 0 -0.0019610679)
(0 0 -0.0019472515)
(0 0 -0.0019589498)
(0 0 -0.0019461218)
(0 0 -0.0019610679)
(0 0 -0.001953302)
(0 0 -0.0019381919)
(0 0 -0.0019521479)
(0 0 -0.0019331089)
(0 0 -0.0019610679)
(0 0 -0.0019610679)
(0 0 -0.0019461218)
(0 0 -0.0018479293)
(0 0 -0.0019527231)
(0 0 -0.0019548766)
(0 0 -0.0019610679)
(0 0 -0.0018851206)
(0 0 -0.0019610679)
(0 0 -0.0019504809)
(0 0 -0.001953302)
(0 0 -0.0019610679)
(0 0 -0.0019536559)
(0 0 -0.0019009798)
(0 0 -0.0019110045)
(0 0 -0.0019009798)
(0 0 -0.0019610679)
(0 0 -0.0019603008)
(0 0 -0.0019309733)
(0 0 -0.0019610679)
(0 0 -0.0019610679)
(0 0 -0.0018654385)
(0 0 -0.0019610679)
(0 0 -0.0019332395)
(0 0 -0.0018851206)
(0 0 -0.0019610679)
(0 0 -0.0019610679)
(0 0 -0.0019349386)
(0 0 -0.001905732)
(0 0 -0.0018767157)
(0 0 -0.001954348)
(0 0 -0.0019292347)
(0 0 -0.0019610679)
(0 0 -0.0019610679)
(0 0 -0.0019570431)
(0 0 -0.0019210341)
(0 0 -0.0019519953)
(0 0 -0.0019413497)
(0 0 -0.0019292347)
(0 0 -0.0019472511)
(0 0 -0.001953302)
(0 0 -0.0019447094)
(0 0 -0.0019071917)
(0 0 -0.0019588822)
(0 0 -0.0019610679)
(0 0 -0.0018554099)
(0 0 -0.0019536559)
(0 0 -0.0019536559)
(0 0 -0.0019610317)
(0 0 -0.0019567435)
(0 0 -0.0018198893)
(0 0 -0.0019210341)
(0 0 -0.0019610679)
(0 0 -0.0019610679)
(0 0 -0.001946875)
(0 0 -0.0018851206)
(0 0 -0.0019009798)
(0 0 -0.0018851206)
(0 0 -0.0019567872)
(0 0 -0.001905732)
(0 0 -0.0019009798)
(0 0 -0.0019610679)
(0 0 -0.001954348)
(0 0 -0.0019575347)
(0 0 -0.001913602)
(0 0 -0.001956535)
(0 0 -0.0019610679)
(0 0 -0.0019348875)
(0 0 -0.0019461218)
(0 0 -0.0019299125)
(0 0 -0.0019360321)
(0 0 -0.0019571937)
(0 0 -0.0019472515)
(0 0 -0.0019536559)
(0 0 -0.0019567784)
(0 0 -0.0018522703)
(0 0 -0.0019610679)
(0 0 -0.0019610679)
(0 0 -0.0019610679)
(0 0 -0.0019461218)
(0 0 -0.0019340596)
(0 0 -0.0019472515)
(0 0 -0.0019009798)
(0 0 -0.0019461218)
(0 0 -0.0019606011)
(0 0 -0.0019447094)
(0 0 -0.0019324718)
(0 0 -0.0019488625)
(0 0 -0.0018851206)
(0 0 -0.0019567902)
(0 0 -0.0019610679)
(0 0 -0.0019602723)
(0 0 -0.001934008)
(0 0 -0.0019542179)
(0 0 -0.0019461218)
(0 0 -0.001953302)
(0 0 -0.0019567435)
(0 0 -0.0019292347)
(0 0 -0.0019292347)
(0 0 -0.0019009798)
(0 0 -0.0019610679)
(0 0 -0.0019610679)
(0 0 -0.0018851206)
(0 0 -0.0019463437)
(0 0 -0.0019447094)
(0 0 -0.0019467689)
(0 0 -0.0019610679)
(0 0 -0.0019472515)
(0 0 -0.001953302)
(0 0 -0.0019610679)
(0 0 -0.0019473692)
(0 0 -0.0019447094)
(0 0 -0.0019610679)
(0 0 -0.0019610679)
(0 0 -0.0019292347)
(0 0 -0.0018565631)
(0 0 -0.0019610679)
(0 0 -0.0019536559)
(0 0 -0.0019567435)
(0 0 -0.0019461218)
(0 0 -0.0019467689)
(0 0 -0.0019610679)
(0 0 -0.0019609147)
(0 0 -0.0019610679)
(0 0 -0.0019472511)
(0 0 -0.001956826)
(0 0 -0.0019328909)
(0 0 -0.0019461218)
(0 0 -0.0019610679)
(0 0 -0.0019610679)
(0 0 -0.0019009798)
(0 0 -0.0019488625)
(0 0 -0.0019571937)
(0 0 -0.0018450448)
(0 0 -0.0019545744)
(0 0 -0.0019610679)
(0 0 -0.0019332395)
(0 0 -0.0019610679)
(0 0 -0.001953302)
(0 0 -0.0019610679)
(0 0 -0.0019610679)
(0 0 -0.0019610679)
(0 0 -0.00195893)
(0 0 -0.0019610679)
(0 0 -0.00195893)
(0 0 -0.0018533061)
(0 0 -0.0019588822)
(0 0 -0.0019610679)
(0 0 -0.0019610679)
(0 0 -0.0019610679)
(0 0 -0.0019595003)
(0 0 -0.001905732)
(0 0 -0.0019519953)
(0 0 -0.0019610679)
(0 0 -0.0019358757)
(0 0 -0.0019461218)
(0 0 -0.0019610679)
(0 0 -0.0019009798)
(0 0 -0.0019600937)
(0 0 -0.001961051)
(0 0 -0.0019610679)
(0 0 -0.0019597751)
(0 0 -0.0019610679)
(0 0 -0.0019009798)
(0 0 -0.0018851206)
(0 0 -0.001954348)
(0 0 -0.0019523005)
(0 0 -0.0019590011)
(0 0 -0.0019519791)
(0 0 -0.0019610679)
(0 0 -0.0019574885)
(0 0 -0.001958068)
(0 0 -0.0019316021)
(0 0 -0.0019210341)
(0 0 -0.0019567435)
(0 0 -0.00195893)
(0 0 -0.0019472511)
(0 0 -0.0019588822)
(0 0 -0.0019606562)
(0 0 -0.001954348)
(0 0 -0.0019567912)
(0 0 -0.0019610679)
(0 0 -0.0019610679)
(0 0 -0.0019526181)
(0 0 -0.0019580407)
(0 0 -0.0019610679)
(0 0 -0.0019610679)
(0 0 -0.0019514853)
(0 0 -0.0019332395)
(0 0 -0.0019610679)
(0 0 -0.0019610679)
(0 0 -0.0019433416)
(0 0 -0.0019610679)
(0 0 -0.0019519953)
(0 0 -0.0019472515)
(0 0 -0.0019567435)
(0 0 -0.001852236)
(0 0 -0.0019610679)
(0 0 -0.0019569553)
(0 0 -0.0019447094)
(0 0 -0.0019210341)
(0 0 -0.0018851206)
(0 0 -0.0019610679)
(0 0 -0.0019610679)
(0 0 -0.0019588822)
(0 0 -0.0019519953)
(0 0 -0.001954226)
(0 0 -0.0019461218)
(0 0 -0.0018770843)
(0 0 -0.0019608688)
(0 0 -0.0019447094)
(0 0 -0.0019610679)
(0 0 -0.0019610679)
(0 0 -0.0018851206)
(0 0 -0.0019588822)
(0 0 -0.0019468608)
(0 0 -0.0019582434)
(0 0 -0.0019610679)
(0 0 -0.0019009798)
(0 0 -0.0019559263)
(0 0 -0.0019610679)
(0 0 -0.0019461218)
(0 0 -0.0019331089)
(0 0 -0.001956535)
(0 0 -0.0019009798)
(0 0 -0.0018851206)
(0 0 -0.0019605899)
(0 0 -0.0019009798)
(0 0 -0.0019567168)
(0 0 -0.0018130256)
(0 0 -0.0019461218)
(0 0 -0.0019610679)
(0 0 -0.0019584297)
(0 0 -0.0019586221)
(0 0 -0.0019610679)
(0 0 -0.0019610679)
(0 0 -0.001843862)
(0 0 -0.0019292347)
(0 0 -0.0019461218)
(0 0 -0.0019467689)
(0 0 -0.001905732)
(0 0 -0.0019610679)
(0 0 -0.0019331089)
(0 0 -0.0019610679)
(0 0 -0.0019337109)
(0 0 -0.001905732)
(0 0 -0.0019467689)
(0 0 -0.0019610679)
(0 0 -0.001953302)
(0 0 -0.0019610679)
(0 0 -0.0018851206)
(0 0 -0.001953302)
(0 0 -0.0019608307)
(0 0 -0.0019331089)
(0 0 -0.001953302)
(0 0 -0.001953302)
(0 0 -0.00195325)
(0 0 -0.0019565696)
(0 0 -0.0019571937)
(0 0 -0.0019610679)
(0 0 -0.0019610679)
(0 0 -0.0019467689)
(0 0 -0.001956535)
(0 0 -0.0019461218)
(0 0 -0.0019145777)
(0 0 -0.0019610679)
(0 0 -0.0019610679)
(0 0 -0.0019447094)
(0 0 -0.0019210341)
(0 0 -0.0019610679)
(0 0 -0.001912088)
(0 0 -0.0019610679)
(0 0 -0.0019009798)
(0 0 -0.0019461218)
(0 0 -0.0019610679)
(0 0 -0.001905732)
(0 0 -0.0019331089)
(0 0 -0.00195893)
(0 0 -0.0019610679)
(0 0 -0.0019447094)
(0 0 -0.0019610679)
(0 0 -0.0019599367)
(0 0 -0.0018754051)
(0 0 -0.0019334869)
(0 0 -0.0019610679)
(0 0 -0.0019610679)
(0 0 -0.0019610679)
(0 0 -0.001956535)
(0 0 -0.0019610679)
(0 0 -0.0019461218)
(0 0 -0.0019610679)
(0 0 -0.0019111136)
(0 0 -0.0019472511)
(0 0 -0.0019610679)
(0 0 -0.0019210341)
(0 0 -0.0019431364)
(0 0 -0.0019610679)
(0 0 -0.0019356995)
(0 0 -0.0019610679)
(0 0 -0.0019472515)
(0 0 -0.0019461218)
(0 0 -0.0019610679)
(0 0 -0.0019332395)
(0 0 -0.0019331089)
(0 0 -0.0019610679)
(0 0 -0.0019610679)
(0 0 -0.0018211859)
(0 0 -0.0019610679)
(0 0 -0.0019528202)
(0 0 -0.00195893)
(0 0 -0.0019472511)
(0 0 -0.0018851206)
(0 0 -0.0019127418)
(0 0 -0.001905732)
(0 0 -0.0019009798)
(0 0 -0.0019610679)
(0 0 -0.0019610679)
(0 0 -0.0019472511)
(0 0 -0.0019610679)
(0 0 -0.0019610679)
(0 0 -0.0019447094)
(0 0 -0.0019009798)
(0 0 -0.0019467689)
(0 0 -0.001905732)
(0 0 -0.0019009798)
(0 0 -0.0018851206)
(0 0 -0.001953765)
(0 0 -0.0019292347)
(0 0 -0.0019610679)
(0 0 -0.0019461218)
(0 0 -0.0019210341)
(0 0 -0.00195893)
(0 0 -0.0019604314)
(0 0 -0.0019472511)
(0 0 -0.001956535)
(0 0 -0.0019567435)
(0 0 -0.0019567435)
(0 0 -0.001905732)
(0 0 -0.0019610679)
(0 0 -0.0019488625)
(0 0 -0.0019488625)
(0 0 -0.0019488625)
(0 0 -0.0019567435)
(0 0 -0.0019571937)
(0 0 -0.0019447094)
(0 0 -0.0019610679)
(0 0 -0.0019610679)
(0 0 -0.0019610679)
(0 0 -0.0019610679)
(0 0 -0.0019610679)
(0 0 -0.0019009798)
(0 0 -0.0019009798)
(0 0 -0.0019610679)
(0 0 -0.0019332395)
(0 0 -0.001953302)
(0 0 -0.0019331089)
(0 0 -0.001956535)
(0 0 -0.001905732)
(0 0 -0.0019610679)
(0 0 -0.0019610679)
(0 0 -0.0019210341)
(0 0 -0.0019597912)
(0 0 -0.0019610679)
(0 0 -0.0019461218)
(0 0 -0.0019332395)
(0 0 -0.0019210341)
(0 0 -0.0019610679)
(0 0 -0.0019009798)
(0 0 -0.0019610679)
(0 0 -0.0019610679)
(0 0 -0.0019610679)
(0 0 -0.0019292347)
(0 0 -0.0019610679)
(0 0 -0.0019610679)
(0 0 -0.0019514956)
(0 0 -0.001905732)
(0 0 -0.0018851206)
(0 0 -0.0019610679)
(0 0 -0.0019210341)
(0 0 -0.0019610679)
(0 0 -0.0019558125)
(0 0 -0.0019545837)
(0 0 -0.0019610679)
(0 0 -0.0019576938)
(0 0 -0.0019472511)
(0 0 -0.0019567035)
(0 0 -0.0019472511)
(0 0 -0.0019447094)
(0 0 -0.0019472511)
(0 0 -0.001905732)
(0 0 -0.00195893)
(0 0 -0.0019610679)
(0 0 -0.0018351615)
(0 0 -0.001905732)
(0 0 -0.0019610679)
(0 0 -0.001953302)
(0 0 -0.0019595023)
(0 0 -0.0019610679)
(0 0 -0.001905732)
(0 0 -0.0019610679)
(0 0 -0.0019095669)
(0 0 -0.0019332395)
(0 0 -0.0018851206)
(0 0 -0.0019472511)
(0 0 -0.0019610679)
(0 0 -0.0019472515)
(0 0 -0.0019610679)
(0 0 -0.001953302)
(0 0 -0.0018851206)
(0 0 -0.0019475165)
(0 0 -0.001905732)
(0 0 -0.0019009798)
(0 0 -0.0019610679)
(0 0 -0.0019567435)
(0 0 -0.001905732)
(0 0 -0.0019610679)
(0 0 -0.0019332395)
(0 0 -0.0019610679)
(0 0 -0.001872506)
(0 0 -0.0019532518)
(0 0 -0.0019488625)
(0 0 -0.0019610679)
(0 0 -0.0019536559)
(0 0 -0.0019447094)
(0 0 -0.0019558742)
(0 0 -0.0018851206)
(0 0 -0.0019467689)
(0 0 -0.0019536132)
(0 0 -0.001905732)
(0 0 -0.0019331089)
(0 0 -0.0019331089)
(0 0 -0.0019123633)
(0 0 -0.0018851206)
(0 0 -0.0019488625)
(0 0 -0.0019472511)
(0 0 -0.0019332395)
(0 0 -0.0019519953)
(0 0 -0.0019332395)
(0 0 -0.001953302)
(0 0 -0.0019610679)
(0 0 -0.0019610679)
(0 0 -0.0019610679)
(0 0 -0.0019488625)
(0 0 -0.0019009798)
(0 0 -0.0019461218)
(0 0 -0.0019610679)
(0 0 -0.001954444)
(0 0 -0.0019610679)
(0 0 -0.0019610679)
(0 0 -0.0019566885)
(0 0 -0.0019610679)
(0 0 -0.001938115)
(0 0 -0.0019009798)
(0 0 -0.0018543393)
(0 0 -0.001953302)
(0 0 -0.0019588822)
(0 0 -0.0019467689)
(0 0 -0.0019610679)
(0 0 -0.0019571937)
(0 0 -0.0019610679)
(0 0 -0.0019461218)
(0 0 -0.0019610679)
(0 0 -0.0019610679)
(0 0 -0.0019609739)
(0 0 -0.0019361586)
(0 0 -0.0018851206)
(0 0 -0.0019210341)
(0 0 -0.0019610679)
(0 0 -0.0019210341)
(0 0 -0.0019009798)
(0 0 -0.0019588822)
(0 0 -0.0019522289)
(0 0 -0.0019523292)
(0 0 -0.0019571937)
(0 0 -0.0019461218)
(0 0 -0.0019610679)
(0 0 -0.0019461218)
(0 0 -0.0019556136)
(0 0 -0.0019533977)
(0 0 -0.0019610679)
(0 0 -0.0019009798)
(0 0 -0.0019610679)
(0 0 -0.0019610679)
(0 0 -0.0019332395)
(0 0 -0.0018116244)
(0 0 -0.0018851206)
(0 0 -0.001956535)
(0 0 -0.0019610679)
(0 0 -0.0019610679)
(0 0 -0.0019447094)
(0 0 -0.00191127)
(0 0 -0.0019610679)
(0 0 -0.00195893)
(0 0 -0.001951404)
(0 0 -0.0019610679)
(0 0 -0.0019610679)
(0 0 -0.0019560189)
(0 0 -0.0019472515)
(0 0 -0.0019472515)
(0 0 -0.0019610679)
(0 0 -0.0019580689)
(0 0 -0.0019610679)
(0 0 -0.0019447094)
(0 0 -0.001956217)
(0 0 -0.0019610679)
(0 0 -0.0019565499)
(0 0 -0.0018531566)
(0 0 -0.0019610679)
(0 0 -0.0019467689)
(0 0 -0.0019590591)
(0 0 -0.0019536559)
(0 0 -0.0019610679)
(0 0 -0.0019610679)
(0 0 -0.0019610679)
(0 0 -0.0019571937)
(0 0 -0.0019488625)
(0 0 -0.0019468161)
(0 0 -0.0019447094)
(0 0 -0.0019610679)
(0 0 -0.001955242)
(0 0 -0.0019567435)
(0 0 -0.0018851206)
(0 0 -0.0019210341)
(0 0 -0.0019610679)
(0 0 -0.001953302)
(0 0 -0.0019461218)
(0 0 -0.0019574317)
(0 0 -0.0018851206)
(0 0 -0.0019461218)
(0 0 -0.0019610679)
(0 0 -0.0019586826)
(0 0 -0.001957325)
(0 0 -0.0018851206)
(0 0 -0.0018851206)
(0 0 -0.0019588822)
(0 0 -0.0019610679)
(0 0 -0.0019009798)
(0 0 -0.00195893)
(0 0 -0.0019210341)
(0 0 -0.0019610679)
(0 0 -0.0019610679)
(0 0 -0.0019610679)
(0 0 -0.00195893)
(0 0 -0.0019610679)
(0 0 -0.0019587757)
(0 0 -0.0019610679)
(0 0 -0.0019009798)
(0 0 -0.0019610679)
(0 0 -0.001956535)
(0 0 -0.0019523906)
(0 0 -0.0019610679)
(0 0 -0.0019586213)
(0 0 -0.0019488625)
(0 0 -0.001953302)
(0 0 -0.0019610679)
(0 0 -0.0019360026)
(0 0 -0.0019610679)
(0 0 -0.0019524392)
(0 0 -0.0019610679)
(0 0 -0.0019610679)
(0 0 -0.0019557931)
(0 0 -0.00195893)
(0 0 -0.0019331089)
(0 0 -0.0019461218)
(0 0 -0.0019610679)
(0 0 -0.0019539327)
(0 0 -0.0019461218)
(0 0 -0.0019602861)
(0 0 -0.0019574977)
(0 0 -0.0019594999)
(0 0 -0.0019541949)
(0 0 -0.0019610679)
(0 0 -0.0019461218)
(0 0 -0.0018851206)
(0 0 -0.001953302)
(0 0 -0.0019547438)
(0 0 -0.0019610679)
(0 0 -0.001953302)
(0 0 -0.0019331089)
(0 0 -0.0018851206)
(0 0 -0.0019610679)
(0 0 -0.0019610679)
(0 0 -0.0019568656)
(0 0 -0.0019567882)
(0 0 -0.0019472515)
(0 0 -0.0019547246)
(0 0 -0.0019610679)
(0 0 -0.0019239818)
(0 0 -0.0019210341)
(0 0 -0.0019467689)
(0 0 -0.0019567435)
(0 0 -0.0019009798)
(0 0 -0.0019521663)
(0 0 -0.0019461218)
(0 0 -0.0019476634)
(0 0 -0.0019610679)
(0 0 -0.0019610679)
(0 0 -0.0018851206)
(0 0 -0.0019571937)
(0 0 -0.001956535)
(0 0 -0.0019610679)
(0 0 -0.0019467689)
(0 0 -0.0019519953)
(0 0 -0.0018116458)
(0 0 -0.0019610679)
(0 0 -0.0019447094)
(0 0 -0.001953302)
(0 0 -0.001919771)
(0 0 -0.0019467689)
(0 0 -0.0019610679)
(0 0 -0.0019610679)
(0 0 -0.0019479173)
(0 0 -0.0019447094)
(0 0 -0.0019473211)
(0 0 -0.0019610679)
(0 0 -0.0019610679)
(0 0 -0.0019610679)
(0 0 -0.0019610679)
(0 0 -0.0019539469)
(0 0 -0.0019447094)
(0 0 -0.0019610679)
(0 0 -0.0019600797)
(0 0 -0.0019354451)
(0 0 -0.0019610679)
(0 0 -0.0019461442)
(0 0 -0.0018520781)
(0 0 -0.001905732)
(0 0 -0.001905732)
(0 0 -0.0019488625)
(0 0 -0.0019610679)
(0 0 -0.001907547)
(0 0 -0.0019610679)
(0 0 -0.0019520378)
(0 0 -0.0019610679)
(0 0 -0.0019564049)
(0 0 -0.0019599155)
(0 0 -0.0019488625)
(0 0 -0.001958314)
(0 0 -0.001956535)
(0 0 -0.0019610679)
(0 0 -0.0019504662)
(0 0 -0.0019296741)
(0 0 -0.0019447094)
(0 0 -0.0019566966)
(0 0 -0.0019566497)
(0 0 -0.0019567435)
(0 0 -0.0019610679)
(0 0 -0.0019610679)
(0 0 -0.0019610679)
(0 0 -0.001956535)
(0 0 -0.0019401465)
(0 0 -0.0019519953)
(0 0 -0.001956535)
(0 0 -0.0019009798)
(0 0 -0.0019610679)
(0 0 -0.0019545538)
(0 0 -0.0019610679)
(0 0 -0.0018851206)
(0 0 -0.001905732)
(0 0 -0.0019332395)
(0 0 -0.0019488625)
(0 0 -0.0019610679)
(0 0 -0.0019479386)
(0 0 -0.0019284034)
(0 0 -0.0019575192)
(0 0 -0.001953302)
(0 0 -0.0019532939)
(0 0 -0.0019575207)
(0 0 -0.0019610679)
(0 0 -0.0019112549)
(0 0 -0.001953302)
(0 0 -0.001905732)
(0 0 -0.0019610679)
(0 0 -0.0019524007)
(0 0 -0.0019566964)
(0 0 -0.0019588822)
(0 0 -0.0019529453)
(0 0 -0.0018851206)
(0 0 -0.0018221641)
(0 0 -0.0019536559)
(0 0 -0.0019610679)
(0 0 -0.0019292347)
(0 0 -0.0019489643)
(0 0 -0.0019315495)
(0 0 -0.0019571937)
(0 0 -0.0019519953)
(0 0 -0.0019472515)
(0 0 -0.0019610679)
(0 0 -0.0019519953)
(0 0 -0.0019069704)
(0 0 -0.0019571937)
(0 0 -0.0018628263)
(0 0 -0.0019414087)
(0 0 -0.0019461218)
(0 0 -0.0019571761)
(0 0 -0.001905732)
(0 0 -0.0019573607)
(0 0 -0.0019607659)
(0 0 -0.0019571937)
(0 0 -0.001905732)
(0 0 -0.0019467689)
(0 0 -0.001946114)
(0 0 -0.00195893)
(0 0 -0.0018851206)
(0 0 -0.0019610679)
(0 0 -0.0019610679)
(0 0 -0.0019610679)
(0 0 -0.001956535)
(0 0 -0.0019519953)
(0 0 -0.0019610679)
(0 0 -0.0019610679)
(0 0 -0.0019610679)
(0 0 -0.0019595584)
(0 0 -0.0019610679)
(0 0 -0.0019596405)
(0 0 -0.0019610679)
(0 0 -0.0019447094)
(0 0 -0.0019604471)
(0 0 -0.0019610679)
(0 0 -0.001956535)
(0 0 -0.0019606294)
(0 0 -0.001905983)
(0 0 -0.0019460173)
(0 0 -0.0018476634)
(0 0 -0.0019319648)
(0 0 -0.0018851206)
(0 0 -0.0019467689)
(0 0 -0.0019009798)
(0 0 -0.0019610679)
(0 0 -0.0019210341)
(0 0 -0.0019009798)
(0 0 -0.0019210341)
(0 0 -0.0019472515)
(0 0 -0.00195893)
(0 0 -0.001848823)
(0 0 -0.001905732)
(0 0 -0.0019610679)
(0 0 -0.0018626677)
(0 0 -0.0019447094)
(0 0 -0.0019610679)
(0 0 -0.0019588822)
(0 0 -0.0018509156)
(0 0 -0.001953302)
(0 0 -0.0019610679)
(0 0 -0.0019610679)
(0 0 -0.0019610679)
(0 0 -0.0019610679)
(0 0 -0.0019610679)
(0 0 -0.0019292347)
(0 0 -0.001956535)
(0 0 -0.0019519953)
(0 0 -0.0019447094)
(0 0 -0.0019610679)
(0 0 -0.0019472515)
(0 0 -0.0019509071)
(0 0 -0.0019610679)
(0 0 -0.0019610679)
(0 0 -0.0019610679)
(0 0 -0.0019610679)
(0 0 -0.0019605778)
(0 0 -0.0019464534)
(0 0 -0.0019610679)
(0 0 -0.0019467224)
(0 0 -0.0019610679)
(0 0 -0.001954348)
(0 0 -0.001956535)
(0 0 -0.0019610679)
(0 0 -0.0019610679)
(0 0 -0.0019567895)
(0 0 -0.0019009798)
(0 0 -0.001954348)
(0 0 -0.0019009798)
(0 0 -0.0019588822)
(0 0 -0.0019332395)
(0 0 -0.0019503872)
(0 0 -0.0019350776)
(0 0 -0.0019610679)
(0 0 -0.0019343442)
(0 0 -0.0018851206)
(0 0 -0.0019331089)
(0 0 -0.0019610679)
(0 0 -0.0019610679)
(0 0 -0.0019536559)
(0 0 -0.0018530052)
(0 0 -0.0019610679)
(0 0 -0.0019610679)
(0 0 -0.0019461218)
(0 0 -0.0019524271)
(0 0 -0.0019567435)
(0 0 -0.0019292347)
(0 0 -0.0019567869)
(0 0 -0.0018851206)
(0 0 -0.0019610679)
(0 0 -0.0019610679)
(0 0 -0.0018192021)
(0 0 -0.0019472511)
(0 0 -0.0019348078)
(0 0 -0.0019610679)
(0 0 -0.0019610679)
(0 0 -0.0019610679)
(0 0 -0.0019075721)
(0 0 -0.0019571937)
(0 0 -0.0019447094)
(0 0 -0.0019567435)
(0 0 -0.0019610679)
(0 0 -0.0019610679)
(0 0 -0.0018570897)
(0 0 -0.0018993312)
(0 0 -0.001905732)
(0 0 -0.0019610679)
(0 0 -0.0019461218)
(0 0 -0.001947695)
(0 0 -0.0019588822)
(0 0 -0.0018618034)
(0 0 -0.001953302)
(0 0 -0.0019554539)
(0 0 -0.0019567043)
(0 0 -0.0019610679)
(0 0 -0.0019588822)
(0 0 -0.0019536559)
(0 0 -0.0018349567)
(0 0 -0.0019610679)
(0 0 -0.001905732)
(0 0 -0.0019447094)
(0 0 -0.0019467689)
(0 0 -0.0019589319)
(0 0 -0.0019461218)
(0 0 -0.0019610679)
(0 0 -0.0019610679)
(0 0 -0.0019594548)
(0 0 -0.0019610679)
(0 0 -0.0019447094)
(0 0 -0.0019461218)
(0 0 -0.0019331089)
(0 0 -0.0019606237)
(0 0 -0.0019589632)
(0 0 -0.0019475447)
(0 0 -0.0019610679)
(0 0 -0.001953302)
(0 0 -0.001953302)
(0 0 -0.0019472675)
(0 0 -0.0019416849)
(0 0 -0.0019292347)
(0 0 -0.0019447094)
(0 0 -0.0019488625)
(0 0 -0.0019610679)
(0 0 -0.0019519953)
(0 0 -0.0019558124)
(0 0 -0.0019610679)
(0 0 -0.0019191415)
(0 0 -0.0019571937)
(0 0 -0.0019331089)
(0 0 -0.001956535)
(0 0 -0.0019326803)
(0 0 -0.0018222653)
(0 0 -0.0019610679)
(0 0 -0.001956535)
(0 0 -0.0019485251)
(0 0 -0.0019461218)
(0 0 -0.001953302)
(0 0 -0.0019009798)
(0 0 -0.0018851206)
(0 0 -0.0019599031)
(0 0 -0.0019561308)
(0 0 -0.0019127486)
(0 0 -0.0019447094)
(0 0 -0.0019009798)
(0 0 -0.0019472511)
(0 0 -0.0019610679)
(0 0 -0.0019588822)
(0 0 -0.0018851206)
(0 0 -0.0019610679)
(0 0 -0.0019610679)
(0 0 -0.001947487)
(0 0 -0.0019610679)
(0 0 -0.0019610679)
(0 0 -0.0019610679)
(0 0 -0.0019519953)
(0 0 -0.0019519953)
(0 0 -0.0019610679)
(0 0 -0.0018741446)
(0 0 -0.0019610679)
(0 0 -0.0019578186)
(0 0 -0.0019588822)
(0 0 -0.0019610679)
(0 0 -0.0019534552)
(0 0 -0.0019610679)
(0 0 -0.0019324158)
(0 0 -0.00195893)
(0 0 -0.0019447094)
(0 0 -0.0019467689)
(0 0 -0.001956535)
(0 0 -0.0019610679)
(0 0 -0.0019488625)
(0 0 -0.0019610679)
(0 0 -0.00195893)
(0 0 -0.0019467689)
(0 0 -0.0018851206)
(0 0 -0.0019471506)
(0 0 -0.0019472511)
(0 0 -0.0019588822)
(0 0 -0.001953302)
(0 0 -0.0019447094)
(0 0 -0.0019610679)
(0 0 -0.0019610679)
(0 0 -0.0019610679)
(0 0 -0.0019467689)
(0 0 -0.0018851206)
(0 0 -0.0019472511)
(0 0 -0.0019467689)
(0 0 -0.0019461218)
(0 0 -0.0019610679)
(0 0 -0.0019573385)
(0 0 -0.0019610679)
(0 0 -0.0019610679)
(0 0 -0.0019610679)
(0 0 -0.0019525086)
(0 0 -0.0019565033)
(0 0 -0.001956535)
(0 0 -0.0019461218)
(0 0 -0.0019610679)
(0 0 -0.0019488517)
(0 0 -0.001954348)
(0 0 -0.0019610679)
(0 0 -0.0019610679)
(0 0 -0.0019071249)
(0 0 -0.0019610679)
(0 0 -0.0019536559)
(0 0 -0.0019610679)
(0 0 -0.0019565965)
(0 0 -0.0019447094)
(0 0 -0.0019461218)
(0 0 -0.0019610679)
(0 0 -0.0019610679)
(0 0 -0.0019292347)
(0 0 -0.0019384786)
(0 0 -0.0019519953)
(0 0 -0.001953302)
(0 0 -0.0018851206)
(0 0 -0.0019610679)
(0 0 -0.0019581241)
(0 0 -0.0019610679)
(0 0 -0.0019610679)
(0 0 -0.0019610679)
(0 0 -0.0019467689)
(0 0 -0.0019292347)
(0 0 -0.0019210341)
(0 0 -0.0019514888)
(0 0 -0.0019610679)
(0 0 -0.0019522258)
(0 0 -0.0018469776)
(0 0 -0.001905732)
(0 0 -0.0019610679)
(0 0 -0.0019339021)
(0 0 -0.0019610679)
(0 0 -0.0019610679)
(0 0 -0.0019604224)
(0 0 -0.0019447094)
(0 0 -0.00195893)
(0 0 -0.0019461218)
(0 0 -0.0019610679)
(0 0 -0.0019610679)
(0 0 -0.0019447094)
(0 0 -0.0019464783)
(0 0 -0.0019610679)
(0 0 -0.0019484852)
(0 0 -0.0019447094)
(0 0 -0.001953302)
(0 0 -0.0019447094)
(0 0 -0.0019610679)
(0 0 -0.0019610679)
(0 0 -0.0019447094)
(0 0 -0.0019610679)
(0 0 -0.0019610679)
(0 0 -0.0019610679)
(0 0 -0.0019610679)
(0 0 -0.0019610679)
(0 0 -0.0019571937)
(0 0 -0.0019575398)
(0 0 -0.0019587215)
(0 0 -0.0019461218)
(0 0 -0.0019574525)
(0 0 -0.0019610679)
(0 0 -0.0019610679)
(0 0 -0.0019537167)
(0 0 -0.0019009798)
(0 0 -0.0019571937)
(0 0 -0.0019610679)
(0 0 -0.0019571937)
(0 0 -0.0019610679)
(0 0 -0.0019610679)
(0 0 -0.001953302)
(0 0 -0.0018851206)
(0 0 -0.0018297091)
(0 0 -0.0019571937)
(0 0 -0.0019484424)
(0 0 -0.0019450432)
(0 0 -0.0019428318)
(0 0 -0.0019610679)
(0 0 -0.0019484745)
(0 0 -0.001905732)
(0 0 -0.0019610679)
(0 0 -0.0019292347)
(0 0 -0.0019610679)
(0 0 -0.0019610679)
(0 0 -0.0019610679)
(0 0 -0.0019610679)
(0 0 -0.0019610679)
(0 0 -0.0019332395)
(0 0 -0.0019588822)
(0 0 -0.0019488625)
(0 0 -0.0019610679)
(0 0 -0.0019610679)
(0 0 -0.0019461218)
(0 0 -0.0019588822)
(0 0 -0.0018529313)
(0 0 -0.0019604707)
(0 0 -0.001905732)
(0 0 -0.0019331089)
(0 0 -0.0019609552)
(0 0 -0.0019610679)
(0 0 -0.001953302)
(0 0 -0.0019610679)
(0 0 -0.0019160147)
(0 0 -0.0019009798)
(0 0 -0.001905732)
(0 0 -0.0019610679)
(0 0 -0.0019610679)
(0 0 -0.0019461218)
(0 0 -0.0019610679)
(0 0 -0.0019567435)
(0 0 -0.0019297931)
(0 0 -0.001911374)
(0 0 -0.0019472515)
(0 0 -0.001953302)
(0 0 -0.0019610679)
(0 0 -0.0019009798)
(0 0 -0.0019610679)
(0 0 -0.0019610679)
(0 0 -0.0019610679)
(0 0 -0.0019469798)
(0 0 -0.0019009798)
(0 0 -0.0019610679)
(0 0 -0.0019610362)
(0 0 -0.001953302)
(0 0 -0.0018655422)
(0 0 -0.0019461218)
(0 0 -0.0019332395)
(0 0 -0.0019472515)
(0 0 -0.0019610679)
(0 0 -0.0019461218)
(0 0 -0.0019200024)
(0 0 -0.0019447094)
(0 0 -0.0019598955)
(0 0 -0.0019210341)
(0 0 -0.0019610679)
(0 0 -0.0019610679)
(0 0 -0.0019210341)
(0 0 -0.0019610679)
(0 0 -0.0019610679)
(0 0 -0.0019568706)
(0 0 -0.0018851206)
(0 0 -0.0019610679)
(0 0 -0.0019610679)
(0 0 -0.0019571937)
(0 0 -0.0019610679)
(0 0 -0.0019610679)
(0 0 -0.0019188123)
(0 0 -0.0019334005)
(0 0 -0.0019467689)
(0 0 -0.0019472708)
(0 0 -0.0019505168)
(0 0 -0.0019610679)
(0 0 -0.0019567435)
(0 0 -0.0019467689)
(0 0 -0.0019610679)
(0 0 -0.0019610679)
(0 0 -0.0019447094)
(0 0 -0.0019461218)
(0 0 -0.0019547971)
(0 0 -0.0018851206)
(0 0 -0.0019322104)
(0 0 -0.0019447094)
(0 0 -0.0018851206)
(0 0 -0.0019610679)
(0 0 -0.0019610679)
(0 0 -0.0019009798)
(0 0 -0.0019125238)
(0 0 -0.0019332395)
(0 0 -0.0019536559)
(0 0 -0.001953302)
(0 0 -0.0019009798)
(0 0 -0.0019331089)
(0 0 -0.0019461218)
(0 0 -0.0018851206)
(0 0 -0.0019461218)
(0 0 -0.0019536559)
(0 0 -0.0019447094)
(0 0 -0.0019610679)
(0 0 -0.0019610679)
(0 0 -0.0018339776)
(0 0 -0.0019009798)
(0 0 -0.0019604513)
(0 0 -0.001952571)
(0 0 -0.0019519953)
(0 0 -0.0019472515)
(0 0 -0.0019461218)
(0 0 -0.00195893)
(0 0 -0.001905732)
(0 0 -0.0019588822)
(0 0 -0.0019332395)
(0 0 -0.00195893)
(0 0 -0.0019610679)
(0 0 -0.0019548085)
(0 0 -0.0019462723)
(0 0 -0.0019571937)
(0 0 -0.0019519953)
(0 0 -0.001959461)
(0 0 -0.001953302)
(0 0 -0.0019501889)
(0 0 -0.001956535)
(0 0 -0.0019499386)
(0 0 -0.0019610679)
(0 0 -0.0019610679)
(0 0 -0.0019472511)
(0 0 -0.0019609796)
(0 0 -0.0019610679)
(0 0 -0.0019461218)
(0 0 -0.0019447094)
(0 0 -0.0019610679)
(0 0 -0.0019072953)
(0 0 -0.001954652)
(0 0 -0.0019610679)
(0 0 -0.0019604221)
(0 0 -0.0019571937)
(0 0 -0.0018841961)
(0 0 -0.0019461218)
(0 0 -0.0019582905)
(0 0 -0.0019610679)
(0 0 -0.0019588822)
(0 0 -0.0019601486)
(0 0 -0.0019610679)
(0 0 -0.0019610679)
(0 0 -0.0019292347)
(0 0 -0.0019461218)
(0 0 -0.001956535)
(0 0 -0.001941053)
(0 0 -0.0019610679)
(0 0 -0.0019610679)
(0 0 -0.0019610679)
(0 0 -0.0019610679)
(0 0 -0.0019461218)
(0 0 -0.0019610679)
(0 0 -0.0019411196)
(0 0 -0.0019610679)
(0 0 -0.0019379527)
(0 0 -0.0018851206)
(0 0 -0.0019610679)
(0 0 -0.0019603339)
(0 0 -0.0019610679)
(0 0 -0.0019599487)
(0 0 -0.001953302)
(0 0 -0.001953302)
(0 0 -0.0019610679)
(0 0 -0.0019447094)
(0 0 -0.0019472511)
(0 0 -0.0019567915)
(0 0 -0.0019581813)
(0 0 -0.0019488625)
(0 0 -0.0019610679)
(0 0 -0.0019610679)
(0 0 -0.0019210341)
(0 0 -0.0019447094)
(0 0 -0.0019009798)
(0 0 -0.0019331089)
(0 0 -0.0019567452)
(0 0 -0.0019596633)
(0 0 -0.0019210341)
(0 0 -0.0019610679)
(0 0 -0.0019610679)
(0 0 -0.0019571937)
(0 0 -0.0019462794)
(0 0 -0.0019610679)
(0 0 -0.0019332395)
(0 0 -0.0019567435)
(0 0 -0.0019598254)
(0 0 -0.0019610679)
(0 0 -0.00195893)
(0 0 -0.00195893)
(0 0 -0.0018543374)
(0 0 -0.0018443334)
(0 0 -0.0019610679)
(0 0 -0.0019536559)
(0 0 -0.00195893)
(0 0 -0.0019289312)
(0 0 -0.0019472515)
(0 0 -0.001956535)
(0 0 -0.0019610679)
(0 0 -0.0019571937)
(0 0 -0.0019610679)
(0 0 -0.0019589247)
(0 0 -0.0019610679)
(0 0 -0.0019610679)
(0 0 -0.0019608456)
(0 0 -0.0019539104)
(0 0 -0.0019519953)
(0 0 -0.0019610679)
(0 0 -0.0018851206)
(0 0 -0.0018660784)
(0 0 -0.0019610679)
(0 0 -0.0019610679)
(0 0 -0.001953302)
(0 0 -0.0019447094)
(0 0 -0.0019536559)
(0 0 -0.0019376846)
(0 0 -0.0019584255)
(0 0 -0.0019447094)
(0 0 -0.0019168786)
(0 0 -0.0019461218)
(0 0 -0.0019567435)
(0 0 -0.0019331089)
(0 0 -0.0019610679)
(0 0 -0.0019610679)
(0 0 -0.00195893)
(0 0 -0.0019009798)
(0 0 -0.0019331699)
(0 0 -0.001953302)
(0 0 -0.0019121773)
(0 0 -0.00195893)
(0 0 -0.0019610679)
(0 0 -0.0019610679)
(0 0 -0.0019610679)
(0 0 -0.001953302)
(0 0 -0.0019447094)
(0 0 -0.001956535)
(0 0 -0.0019378558)
(0 0 -0.0019472729)
(0 0 -0.0019567435)
(0 0 -0.0019610679)
(0 0 -0.0018168528)
(0 0 -0.0019610679)
(0 0 -0.001954348)
(0 0 -0.0019476067)
(0 0 -0.0019610679)
(0 0 -0.0019571937)
(0 0 -0.0019610679)
(0 0 -0.0019608758)
(0 0 -0.0019610384)
(0 0 -0.0019189908)
(0 0 -0.0018851206)
(0 0 -0.0019610679)
(0 0 -0.0019610679)
(0 0 -0.0019610679)
(0 0 -0.0019610679)
(0 0 -0.0019610679)
(0 0 -0.0019555215)
(0 0 -0.0019604915)
(0 0 -0.0019610679)
(0 0 -0.0019610679)
(0 0 -0.001954348)
(0 0 -0.0019536559)
(0 0 -0.0019610679)
(0 0 -0.001953302)
(0 0 -0.0019009798)
(0 0 -0.0019605749)
(0 0 -0.0019610679)
(0 0 -0.0019331089)
(0 0 -0.0019488857)
(0 0 -0.001956535)
(0 0 -0.0019610679)
(0 0 -0.0019009798)
(0 0 -0.0019571937)
(0 0 -0.0019610679)
(0 0 -0.0019606983)
(0 0 -0.0019210341)
(0 0 -0.0019094846)
(0 0 -0.0019610679)
(0 0 -0.0019610679)
(0 0 -0.0019610679)
(0 0 -0.0019610679)
(0 0 -0.0019447094)
(0 0 -0.0018601341)
(0 0 -0.001957964)
(0 0 -0.0019488625)
(0 0 -0.0019610679)
(0 0 -0.0019610679)
(0 0 -0.0019610679)
(0 0 -0.0019461218)
(0 0 -0.0019610679)
(0 0 -0.0019610679)
(0 0 -0.001953302)
(0 0 -0.0019323117)
(0 0 -0.0019610679)
(0 0 -0.0019332395)
(0 0 -0.0019467689)
(0 0 -0.0019461218)
(0 0 -0.0019519953)
(0 0 -0.0019331089)
(0 0 -0.0019610679)
(0 0 -0.0019461218)
(0 0 -0.0019210341)
(0 0 -0.0019488625)
(0 0 -0.0019436287)
(0 0 -0.0018535822)
(0 0 -0.0019588822)
(0 0 -0.00195893)
(0 0 -0.0019472515)
(0 0 -0.0019588822)
(0 0 -0.0019566975)
(0 0 -0.0019487646)
(0 0 -0.0019610679)
(0 0 -0.0019564825)
(0 0 -0.0018851206)
(0 0 -0.0019610679)
(0 0 -0.001953302)
(0 0 -0.0019488625)
(0 0 -0.0019009798)
(0 0 -0.00195893)
(0 0 -0.001905732)
(0 0 -0.0019610679)
(0 0 -0.0019472511)
(0 0 -0.0019610679)
(0 0 -0.0019519953)
(0 0 -0.0019292347)
(0 0 -0.0019610679)
(0 0 -0.0019610679)
(0 0 -0.0019447094)
(0 0 -0.0018685597)
(0 0 -0.0019610679)
(0 0 -0.0019610679)
(0 0 -0.0019210341)
(0 0 -0.0019472511)
(0 0 -0.0018851206)
(0 0 -0.0019472511)
(0 0 -0.0019332395)
(0 0 -0.0019610679)
(0 0 -0.0019610679)
(0 0 -0.0018851206)
(0 0 -0.0019610679)
(0 0 -0.0019594782)
(0 0 -0.0019540748)
(0 0 -0.0019610679)
(0 0 -0.0019564499)
(0 0 -0.0019610679)
(0 0 -0.0019610679)
(0 0 -0.0019447094)
(0 0 -0.0019461218)
(0 0 -0.0019610679)
(0 0 -0.0018851206)
(0 0 -0.0019536559)
(0 0 -0.0019292347)
(0 0 -0.0018851206)
(0 0 -0.0019009798)
(0 0 -0.0019610679)
(0 0 -0.0018906483)
(0 0 -0.0019610679)
(0 0 -0.0019610679)
(0 0 -0.0019610679)
(0 0 -0.0019610679)
(0 0 -0.0019461218)
(0 0 -0.001958235)
(0 0 -0.001905732)
(0 0 -0.0019610679)
(0 0 -0.0019610679)
(0 0 -0.0019610679)
(0 0 -0.0019610679)
(0 0 -0.0019610679)
(0 0 -0.001956535)
(0 0 -0.001954348)
(0 0 -0.0019610679)
(0 0 -0.0019605156)
(0 0 -0.0019610679)
(0 0 -0.0019610679)
(0 0 -0.0019322497)
(0 0 -0.0018580642)
(0 0 -0.0019610679)
(0 0 -0.0019322629)
(0 0 -0.0019488625)
(0 0 -0.0019525218)
(0 0 -0.0019447094)
(0 0 -0.0019602979)
(0 0 -0.0018409655)
(0 0 -0.0019447094)
(0 0 -0.0019610679)
(0 0 -0.0019588822)
(0 0 -0.0019610679)
(0 0 -0.001958785)
(0 0 -0.0019575218)
(0 0 -0.0019610679)
(0 0 -0.0019610679)
(0 0 -0.0019117815)
(0 0 -0.0019610679)
(0 0 -0.0019606835)
(0 0 -0.0019602569)
(0 0 -0.0019331089)
(0 0 -0.0019331089)
(0 0 -0.0019461218)
(0 0 -0.0019610679)
(0 0 -0.0019403097)
(0 0 -0.0019610679)
(0 0 -0.0019480101)
(0 0 -0.0019610679)
(0 0 -0.0019557637)
(0 0 -0.0019610679)
(0 0 -0.001953302)
(0 0 -0.0019610679)
(0 0 -0.0019552795)
(0 0 -0.0019610679)
(0 0 -0.0019610679)
(0 0 -0.0019461218)
(0 0 -0.0019610679)
(0 0 -0.0019610679)
(0 0 -0.0019588822)
(0 0 -0.0019447094)
(0 0 -0.0019571937)
(0 0 -0.0019461218)
(0 0 -0.0019610679)
(0 0 -0.00193615)
(0 0 -0.001954348)
(0 0 -0.0019471451)
(0 0 -0.0019610679)
(0 0 -0.0019515302)
(0 0 -0.0019567435)
(0 0 -0.0019470482)
(0 0 -0.0019472511)
(0 0 -0.0019519953)
(0 0 -0.0019331089)
(0 0 -0.0019461218)
(0 0 -0.0019472511)
(0 0 -0.0019567435)
(0 0 -0.0019610679)
(0 0 -0.0019610679)
(0 0 -0.0019332395)
(0 0 -0.0019610679)
(0 0 -0.0019610679)
(0 0 -0.0019447094)
(0 0 -0.0019461218)
(0 0 -0.001905732)
(0 0 -0.0019610679)
(0 0 -0.0019610679)
(0 0 -0.0019522777)
(0 0 -0.0019472799)
(0 0 -0.0019332395)
(0 0 -0.001905732)
(0 0 -0.0019519953)
(0 0 -0.00195893)
(0 0 -0.0019210341)
(0 0 -0.0019316141)
(0 0 -0.0019447094)
(0 0 -0.0019610679)
(0 0 -0.0018444958)
(0 0 -0.0019610679)
(0 0 -0.0019210341)
(0 0 -0.001954348)
(0 0 -0.0019610679)
(0 0 -0.0018851206)
(0 0 -0.0019461218)
(0 0 -0.0019610679)
(0 0 -0.001954936)
(0 0 -0.0019610679)
(0 0 -0.0019610679)
(0 0 -0.0019610679)
(0 0 -0.00195893)
(0 0 -0.0019461218)
(0 0 -0.0018851206)
(0 0 -0.0019461218)
(0 0 -0.001954348)
(0 0 -0.0019564062)
(0 0 -0.0019610679)
(0 0 -0.0019567435)
(0 0 -0.001953302)
(0 0 -0.0019332395)
(0 0 -0.001905732)
(0 0 -0.0019461218)
(0 0 -0.0019473114)
(0 0 -0.0018851206)
(0 0 -0.0019301512)
(0 0 -0.001953302)
(0 0 -0.0019610679)
(0 0 -0.0019610679)
(0 0 -0.0019610679)
(0 0 -0.0019610679)
(0 0 -0.0019359348)
(0 0 -0.0019610679)
(0 0 -0.0019610679)
(0 0 -0.0019609219)
(0 0 -0.0019533606)
(0 0 -0.0019292347)
(0 0 -0.0019519953)
(0 0 -0.0019210341)
(0 0 -0.0019461218)
(0 0 -0.001939988)
(0 0 -0.0019461218)
(0 0 -0.0019610679)
(0 0 -0.001905732)
(0 0 -0.0019350365)
(0 0 -0.0019610679)
(0 0 -0.0019610679)
(0 0 -0.0019610679)
(0 0 -0.0019610679)
(0 0 -0.0019588822)
(0 0 -0.0018488872)
(0 0 -0.0019540727)
(0 0 -0.001960752)
(0 0 -0.0019610679)
(0 0 -0.0018851206)
(0 0 -0.0018851206)
(0 0 -0.0019580013)
(0 0 -0.0019519953)
(0 0 -0.0018538524)
(0 0 -0.0019332395)
(0 0 -0.0019610679)
(0 0 -0.00195893)
(0 0 -0.001954348)
(0 0 -0.0019149742)
(0 0 -0.0019571937)
(0 0 -0.0019594282)
(0 0 -0.0019610679)
(0 0 -0.0019610679)
(0 0 -0.0019488625)
(0 0 -0.0019608811)
(0 0 -0.0019292347)
(0 0 -0.0019447094)
(0 0 -0.0019447094)
(0 0 -0.0019467689)
(0 0 -0.0019332395)
(0 0 -0.0019610679)
(0 0 -0.0019593098)
(0 0 -0.0019467689)
(0 0 -0.0019567435)
(0 0 -0.0019610679)
(0 0 -0.001953302)
(0 0 -0.0019009798)
(0 0 -0.0019588822)
(0 0 -0.0019610679)
(0 0 -0.0019009798)
(0 0 -0.0019610679)
(0 0 -0.0019610679)
(0 0 -0.001956535)
(0 0 -0.0019536559)
(0 0 -0.0019505308)
(0 0 -0.0019536559)
(0 0 -0.0019610679)
(0 0 -0.001956776)
(0 0 -0.0019610679)
(0 0 -0.0018397098)
(0 0 -0.001905732)
(0 0 -0.0019009798)
(0 0 -0.0019461218)
(0 0 -0.0019292347)
(0 0 -0.0019610679)
(0 0 -0.0019461218)
(0 0 -0.0018649234)
(0 0 -0.0019610679)
(0 0 -0.0019009798)
(0 0 -0.0019536559)
(0 0 -0.0019586007)
(0 0 -0.0019519953)
(0 0 -0.0019610679)
(0 0 -0.0019338236)
(0 0 -0.0018851206)
(0 0 -0.0019076488)
(0 0 -0.0019472575)
(0 0 -0.0019610679)
(0 0 -0.001848989)
(0 0 -0.001956535)
(0 0 -0.001956535)
(0 0 -0.0019210341)
(0 0 -0.0019610679)
(0 0 -0.001954348)
(0 0 -0.001905732)
(0 0 -0.001953302)
(0 0 -0.0019610679)
(0 0 -0.0019567435)
(0 0 -0.00195893)
(0 0 -0.0019567435)
(0 0 -0.0019471744)
(0 0 -0.0019610679)
(0 0 -0.001905732)
(0 0 -0.0019610679)
(0 0 -0.0019447094)
(0 0 -0.0019467689)
(0 0 -0.0019536559)
(0 0 -0.0019610679)
(0 0 -0.0019447094)
(0 0 -0.0019610679)
(0 0 -0.0019332395)
(0 0 -0.0019332395)
(0 0 -0.0019332395)
(0 0 -0.0019194488)
(0 0 -0.0019519953)
(0 0 -0.0019593275)
(0 0 -0.0019461218)
(0 0 -0.0019462898)
(0 0 -0.001953302)
(0 0 -0.0019461218)
(0 0 -0.0019557733)
(0 0 -0.0019610679)
(0 0 -0.0019610679)
(0 0 -0.0019610679)
(0 0 -0.0019332395)
(0 0 -0.0018509944)
(0 0 -0.00195893)
(0 0 -0.0019260954)
(0 0 -0.0019610679)
(0 0 -0.0019461218)
(0 0 -0.0019571937)
(0 0 -0.0019610679)
(0 0 -0.001956535)
(0 0 -0.0019461218)
(0 0 -0.0019610679)
(0 0 -0.0019588124)
(0 0 -0.0019461218)
(0 0 -0.0019447094)
(0 0 -0.001905732)
(0 0 -0.0019610679)
(0 0 -0.0019536559)
(0 0 -0.001953302)
(0 0 -0.0019292347)
(0 0 -0.0019610679)
(0 0 -0.0019332395)
(0 0 -0.001960265)
(0 0 -0.0019536559)
(0 0 -0.001953854)
(0 0 -0.0019610679)
(0 0 -0.0019610679)
(0 0 -0.0019390039)
(0 0 -0.001956535)
(0 0 -0.0019610679)
(0 0 -0.0019588822)
(0 0 -0.001905732)
(0 0 -0.0019574602)
(0 0 -0.0019605297)
(0 0 -0.0019610679)
(0 0 -0.0019584306)
(0 0 -0.0019571756)
(0 0 -0.0019009798)
(0 0 -0.0019467689)
(0 0 -0.0019210341)
(0 0 -0.0019488625)
(0 0 -0.0019610679)
(0 0 -0.001905732)
(0 0 -0.0019588822)
(0 0 -0.0019362064)
(0 0 -0.001953302)
(0 0 -0.0019517741)
(0 0 -0.0019610679)
(0 0 -0.0019610679)
(0 0 -0.0019610679)
(0 0 -0.0019610679)
(0 0 -0.0019610679)
(0 0 -0.0019610679)
(0 0 -0.0019519953)
(0 0 -0.0019610679)
(0 0 -0.0019447094)
(0 0 -0.0019461218)
(0 0 -0.0019157886)
(0 0 -0.0019447094)
(0 0 -0.0019461218)
(0 0 -0.0019610679)
(0 0 -0.001956535)
(0 0 -0.0019579435)
(0 0 -0.0019331089)
(0 0 -0.0019610679)
(0 0 -0.0019610679)
(0 0 -0.0019525879)
(0 0 -0.0019610679)
(0 0 -0.0019519953)
(0 0 -0.0019603295)
(0 0 -0.0019610679)
(0 0 -0.0019588822)
(0 0 -0.0019488625)
(0 0 -0.0019610679)
(0 0 -0.0019472515)
(0 0 -0.0019610679)
(0 0 -0.0019610679)
(0 0 -0.0019549109)
(0 0 -0.0019472515)
(0 0 -0.001954348)
(0 0 -0.0019447094)
(0 0 -0.0019610679)
(0 0 -0.001905732)
(0 0 -0.0019292347)
(0 0 -0.0019610679)
(0 0 -0.0019571937)
(0 0 -0.0018851206)
(0 0 -0.0019331089)
(0 0 -0.0019610679)
(0 0 -0.0019332395)
(0 0 -0.001954348)
(0 0 -0.001953302)
(0 0 -0.0019571937)
(0 0 -0.0019312716)
(0 0 -0.0019588822)
(0 0 -0.0019519953)
(0 0 -0.0019574247)
(0 0 -0.0019580441)
(0 0 -0.0019472515)
(0 0 -0.0019567435)
(0 0 -0.0019461218)
(0 0 -0.0019610679)
(0 0 -0.0019052821)
(0 0 -0.0019568971)
(0 0 -0.0019610679)
(0 0 -0.0019610679)
(0 0 -0.0019467689)
(0 0 -0.0019610679)
(0 0 -0.0018851206)
(0 0 -0.0019590188)
(0 0 -0.001946444)
(0 0 -0.0019540791)
(0 0 -0.001954348)
(0 0 -0.0019335748)
(0 0 -0.0019610679)
(0 0 -0.0019550001)
(0 0 -0.0019588822)
(0 0 -0.001905732)
(0 0 -0.0019472511)
(0 0 -0.001905732)
(0 0 -0.0019610679)
(0 0 -0.0019610679)
(0 0 -0.0019609918)
(0 0 -0.0019009798)
(0 0 -0.001956535)
(0 0 -0.001905732)
(0 0 -0.0019210341)
(0 0 -0.0019536559)
(0 0 -0.0019567435)
(0 0 -0.0019565853)
(0 0 -0.0019009798)
(0 0 -0.0019447094)
(0 0 -0.0019331089)
(0 0 -0.0019610679)
(0 0 -0.0019332395)
(0 0 -0.0019292347)
(0 0 -0.0019472084)
(0 0 -0.0019009798)
(0 0 -0.001953302)
(0 0 -0.001954348)
(0 0 -0.0019331089)
(0 0 -0.0019588822)
(0 0 -0.0019610679)
(0 0 -0.0019472515)
(0 0 -0.0019520355)
(0 0 -0.0019551369)
(0 0 -0.0019536559)
(0 0 -0.001953302)
(0 0 -0.0019610679)
(0 0 -0.0018126629)
(0 0 -0.0019588822)
(0 0 -0.0019562997)
(0 0 -0.0019610679)
(0 0 -0.0019610679)
(0 0 -0.0019536863)
(0 0 -0.001953302)
(0 0 -0.0019519953)
(0 0 -0.0019610679)
(0 0 -0.0019588822)
(0 0 -0.0019461218)
(0 0 -0.0019610679)
(0 0 -0.0019447094)
(0 0 -0.0019610679)
(0 0 -0.0019488625)
(0 0 -0.0019610679)
(0 0 -0.0019288752)
(0 0 -0.0019610679)
(0 0 -0.001943571)
(0 0 -0.001946918)
(0 0 -0.001956704)
(0 0 -0.0019408788)
(0 0 -0.0019610679)
(0 0 -0.0019610679)
(0 0 -0.0019331089)
(0 0 -0.0018540878)
(0 0 -0.0019467689)
(0 0 -0.0019292347)
(0 0 -0.001905732)
(0 0 -0.0019610679)
(0 0 -0.0019519953)
(0 0 -0.0019009798)
(0 0 -0.0019447094)
(0 0 -0.0019610679)
(0 0 -0.001953302)
(0 0 -0.0019461218)
(0 0 -0.0019610679)
(0 0 -0.0019610679)
(0 0 -0.001956543)
(0 0 -0.0019569028)
(0 0 -0.0019331089)
(0 0 -0.0019610679)
(0 0 -0.0019588822)
(0 0 -0.0019472565)
(0 0 -0.0019447094)
(0 0 -0.0019610679)
(0 0 -0.001960142)
(0 0 -0.0019610679)
(0 0 -0.0019461218)
(0 0 -0.0019065632)
(0 0 -0.0019531342)
(0 0 -0.001953302)
(0 0 -0.001934199)
(0 0 -0.001953302)
(0 0 -0.0019461218)
(0 0 -0.0019610679)
(0 0 -0.0019591697)
(0 0 -0.001905732)
(0 0 -0.0019610679)
(0 0 -0.001953302)
(0 0 -0.0019472511)
(0 0 -0.0019167142)
(0 0 -0.001914307)
(0 0 -0.001953302)
(0 0 -0.0019472515)
(0 0 -0.0019461218)
(0 0 -0.0019472515)
(0 0 -0.0019009798)
(0 0 -0.0019610679)
(0 0 -0.0019519953)
(0 0 -0.001937376)
(0 0 -0.0019536559)
(0 0 -0.0019518326)
(0 0 -0.0019057889)
(0 0 -0.0019588822)
(0 0 -0.0019562022)
(0 0 -0.0019610679)
(0 0 -0.0019300269)
(0 0 -0.0019292347)
(0 0 -0.0019610679)
(0 0 -0.0019610679)
(0 0 -0.0019610679)
(0 0 -0.0019600379)
(0 0 -0.0018136806)
(0 0 -0.0019421615)
(0 0 -0.00195893)
(0 0 -0.0019610679)
(0 0 -0.0019610679)
(0 0 -0.0019610679)
(0 0 -0.0019488625)
(0 0 -0.0019332395)
(0 0 -0.0019610679)
(0 0 -0.0019009798)
(0 0 -0.0019447094)
(0 0 -0.0019009798)
(0 0 -0.0019610679)
(0 0 -0.0019610679)
(0 0 -0.0019009798)
(0 0 -0.0019610679)
(0 0 -0.0019519953)
(0 0 -0.0019610679)
(0 0 -0.001954348)
(0 0 -0.00195893)
(0 0 -0.0019472515)
(0 0 -0.0018851206)
(0 0 -0.0019571937)
(0 0 -0.0019610679)
(0 0 -0.001905732)
(0 0 -0.0019610679)
(0 0 -0.0018603922)
(0 0 -0.0019605445)
(0 0 -0.0019610679)
(0 0 -0.0019610679)
(0 0 -0.0019541151)
(0 0 -0.0019610679)
(0 0 -0.0019332395)
(0 0 -0.0019331089)
(0 0 -0.001905732)
(0 0 -0.0019610679)
(0 0 -0.0019461218)
(0 0 -0.001953302)
(0 0 -0.0019610679)
(0 0 -0.001905732)
(0 0 -0.0019292347)
(0 0 -0.0019546762)
(0 0 -0.0019292347)
(0 0 -0.0019552892)
(0 0 -0.00195893)
(0 0 -0.0018255819)
(0 0 -0.0019605149)
(0 0 -0.0019009798)
(0 0 -0.0019610679)
(0 0 -0.0019610679)
(0 0 -0.0019610679)
(0 0 -0.0019461218)
(0 0 -0.0019610679)
(0 0 -0.0019461218)
(0 0 -0.0019561755)
(0 0 -0.0019610679)
(0 0 -0.0019567435)
(0 0 -0.0019210341)
(0 0 -0.0019577446)
(0 0 -0.001905732)
(0 0 -0.0019331089)
(0 0 -0.0019210341)
(0 0 -0.0019570493)
)


// ************************************************************************* //
